11110000
11000001
10100110
11000010
11001111
01100110
11111100
11011100
01000001
01001111
10111000
11010001
10110100
11101100
00000101
10000000
01110111
10110011
00110011
10111101
11101100
00000100
10110010
00001000
00111010
10101100
11100110
10101011
11000010
11111001
01100110
11010110
01011101
11000011
10111101
10101000
00111011
01000011
01010101
00111001
01010110
11010000
11100101
01010000
10111111
00111100
11010100
11001011
11000100
01001100
11010111
11000001
00011111
00101001
00110011
11100000
00011010
10011100
11110100
10111000
00001001
01011001
11111101
00111100
11111101
00111101
00011010
01000000
00111001
10100101
10101110
01011001
10011100
00110001
11010000
00001011
10011100
10011010
01001100
00100010
11100100
01110100
11111000
10111111
01100011
00000100
11011101
10011110
01010100
10100000
00011101
00001001
10101001
00000001
00010000
01001011
01010110
10111111
00110111
10110110
11101010
10101011
01010110
10111010
10110111
10111110
11001111
01100100
11011110
01001011
11000010
00001011
01010100
11100101
11110110
11101011
00110100
00011110
01000101
01011010
00101001
00000010
01011110
00000100
00000001
11101011
10010110
11111111
00101110
00110101
00101010
11000001
10011110
11110101
01110000
00100000
00100110
00101110
00000110
10110001
01001010
11011000
01000010
00111111
11010110
11011000
00000100
00100101
10011000
11110111
01100000
10011000
11010010
00110111
11000110
10111010
01110100
11001001
10001100
00001001
11111111
11010110
11001001
00111001
01010010
00001011
11001001
11110100
11010101
00100000
00000011
10001101
01011100
01000110
01010000
11111011
00000000
01100011
00001110
01011010
00101000
11100010
11101000
11011010
00001100
00100110
01001011
01010010
00111110
00010011
10011101
11101011
01000110
11001110
01001000
10111100
01000111
00010110
01010111
11000001
00010001
11110111
11110011
01001001
11010101
01001001
11111101
01100011
10100001
01111011
00010010
10101010
11001000
11110111
11000110
11110100
10111110
00101100
00100001
00011100
11111111
10100101
01001100
00110100
01001100
01100001
01010001
01010001
10110110
10110110
11100110
01001111
01100111
01111000
10101010
10101101
11111001
00111110
11101101
01100110
00000011
11101101
10100011
10111101
11110011
10100101
00110010
01011111
11011111
00110010
01110000
00110101
10001110
11101001
10110001
00100111
11010111
01000000
00001010
10011010
01010000
00110101
11101101
10110100
10011101
11110000
11110010
11011011
11101001
10000110
01010100
00101111
11000010
11100010
01110011
10111101
11000011
00101101
01010011
11001000
01010000
10101000
11110100
11100011
00001110
00010101
00000100
00110100
11101001
00100110
01000001
11110110
10110010
01010101
11100110
10100010
10100100
10110011
11010110
00111111
01100001
10011011
00000000
00010111
00011110
10110010
10001100
01100001
01011010
00010010
10010110
11000010
10000111
10001101
00001011
00000011
10111010
01001111
00110101
01011001
00110101
00100011
11101111
10101100
00101011
00001110
10100000
10100011
11000000
01011110
00011010
10011011
11001000
01100001
11011100
11100111
11000011
00001011
01111111
11011001
01001010
00010101
11011101
11000110
00110110
11000111
11110011
10011011
11011100
00111100
00101000
10100110
10011011
01000010
00101001
11100010
10111110
11000110
00011100
00011100
10101010
00101011
00100100
11110110
00011010
01010000
10100111
11110111
01010100
01011000
10110111
11001001
00100001
01000100
11011010
10011101
11111111
00110011
10100010
11010111
11101001
10000011
10001100
11101111
10011000
01011101
11111011
01010100
01001100
11010100
00010101
00010011
00011111
01001010
01001101
10110101
01001110
11111111
00000110
00011000
00000000
11011110
00101011
00011111
11110101
01010100
00110101
01011110
01111000
10101010
00101011
00010000
00101110
00000001
00101111
01001100
10100110
11011001
00110000
01011001
10101100
11111111
01010000
10101100
00110111
11110001
01000100
10110011
01000100
11000010
11010010
00100111
00010111
01010101
11010101
00100100
11010111
11100010
10000111
01000011
10110001
01001101
11010110
00101010
00100110
10110110
11100100
11100101
11011011
00000011
10100001
00001010
01001111
00111000
11010111
10100111
11000011
11010011
01011100
00001000
00101100
01011000
11011101
11011000
01000001
00000011
11100001
00110001
11110100
11110001
01101001
11100111
01001000
01001100
01010100
01000011
10100101
11000111
10011110
11110010
11011001
11010010
00011100
11110011
11110100
10101100
00111101
00110001
00111101
10110110
00010000
11011001
00010111
11011100
00011110
10111010
00001010
01001111
11001110
11110010
10110100
01000011
10111011
10100111
00001111
00110111
01011010
00001010
11110111
01000000
00100101
01011001
