  12
  20
 -20
   5
 -18
  24
 -20
   0
 -21
  -3
 -12
   3
  18
  -7
 -25
  -1
 -20
  25
 -14
  24
  -4
 -27
 -17
  11
  -6
  16
  15
 -15
  -4
  -5
 -12
  18
  16
 -27
  16
  -8
 -16
 -10
 -11
 -26
  11
   4
  -6
 -21
 -11
  -1
 -17
 -31
 -19
 -28
  -2
  -2
   8
   3
 -12
 -15
   4
 -13
  15
  -9
 -24
 -31
 -19
  -9
  -8
  14
  27
 -28
  18
  -8
   8
 -16
  22
  15
  19
 -11
  11
 -26
  17
  20
 -19
 -25
 -16
 -13
 -21
  -4
   7
  10
  19
   8
 -11
  -3
  -9
  19
  12
  10
  12
  -7
  17
  25
   0
  -3
 -10
  13
  18
 -10
 -15
  21
 -14
 -14
 -24
  -3
  -5
 -16
  26
  11
  14
  24
   8
 -17
  14
   7
 -12
   2
  -6
  13
  17
  29
   5
  28
   3
  16
   9
 -27
 -27
  13
  11
  17
  14
 -26
 -15
 -15
  24
 -25
  12
  -8
  19
   4
 -24
 -13
   7
  15
  -7
 -22
  25
  -9
 -22
 -17
  17
   5
  12
 -14
   8
   4
  -9
   1
 -30
  28
  13
  24
  11
  -3
  22
 -21
 -25
   3
 -26
  22
  -2
 -17
  28
  18
 -19
   7
  -7
  17
 -25
   1
  12
   8
 -13
  28
  -3
   5
  18
 -20
 -14
  12
 -13
 -15
  23
  18
 -21
 -20
 -11
  10
   3
   6
   2
   8
  14
  16
 -11
 -15
  -4
   9
  11
 -30
  17
  17
 -12
 -26
  -9
  -6
 -17
  -9
  23
  16
 -22
  -7
  17
   3
 -16
 -20
   1
 -22
  17
  19
  17
 -23
 -19
  -6
  13
 -23
 -24
 -28
  -8
   2
  21
 -18
 -11
 -27
   8
  -1
 -25
 -24
 -20
   7
 -21
   1
  17
 -16
  26
   1
 -16
   6
  28
   1
 -10
  27
  -6
   1
   5
  23
  -3
   0
   7
   6
 -12
   0
 -24
  18
 -22
  -2
  14
  17
 -15
  -2
  -4
  -6
   2
  -1
  -3
  19
   0
  -1
  19
  24
  -4
  -4
  14
  16
  13
  -4
  -8
 -13
 -29
   1
  19
   5
   4
   1
  15
  -1
  22
   0
  25
   8
 -23
   0
 -15
 -21
   5
   0
   4
   5
 -10
   0
   0
 -13
   6
  -4
 -15
 -16
  -9
  -4
  21
  18
 -23
  -1
  15
 -26
   2
  -1
  17
 -27
 -12
  -4
  16
  20
  15
  -4
 -18
  -2
   2
   3
  27
  -2
  -1
   3
   7
 -17
   7
   4
  24
   2
  20
   4
 -15
 -24
  26
  -1
  20
   5
  -2
  -1
  -7
   9
  22
   0
  19
  -7
  24
   0
   0
   9
 -18
   1
  -4
  -9
  -3
   1
  -3
  12
  10
   1
   9
   4
  -5
   1
  14
  27
  -3
   0
  12
   5
 -13
   0
 -23
  -8
  24
  -2
 -23
  18
 -14
  -2
   2
   4
   2
  -1
   0
 -14
   9
  -1
  15
   1
  -7
  -4
 -31
  14
   6
  -4
  -3
  16
  -2
   1
  -5
  15
 -20
   1
  27
   0
 -23
   0
   5
   4
   0
   0
  11
 -22
  14
   0
  -5
 -25
 -12
   0
   1
  17
 -17
  -4
  15
 -17
  -3
  -4
 -24
   4
  13
  -1
  25
  17
  13
  -1
  -6
 -21
 -26
  -4
  -4
  -8
  -2
  -4
  -2
 -17
  -4
   3
   1
  -8
 -12
   3
   1
  -7
  26
   4
   7
 -20
   0
   4
  -9
  -7
   0
  -1
   2
  13
  16
  -1
 -15
  -8
   4
   0
  13
  -8
 -24
   0
 -22
 -10
   9
   5
  26
   8
   7
  -1
  26
  10
   9
  10
  17
 -13
  -8
  25
   0
  22
  12
 -21
  12
 -26
 -27
 -16
  -9
  15
  -2
 -16
   6
  15
  21
 -18
  -4
  -2
 -13
  27
  14
  26
   8
  -3
  22
   7
   0
 -10
  -5
  13
   0
  25
  -2
   8
  12
   5
 -18
  -4
   6
  14
   8
  10
  29
   3
   6
  16
   6
  18
 -17
  29
   3
 -13
 -13
  19
 -11
   7
   3
  21
  -3
 -18
  19
  19
  19
  22
  14
  -7
  -7
   9
 -20
 -19
 -13
 -21
   6
  21
  -2
 -31
  11
  -2
 -31
  18
 -14
 -17
  12
 -25
  18
  -5
 -23
 -22
  17
 -20
   3
 -21
   4
  -2
  23
  -6
   0
   7
 -23
  24
   8
  22
  -3
  23
  15
   0
 -13
 -26
   5
  21
  -4
  16
 -18
  13
   4
 -12
   1
   1
   1
   1
 -19
   4
  27
  -4
   1
   1
   1
   1
   7
  20
 -25
  -5
   0
   0
   0
   0
  -9
   3
 -12
  17
  -2
  -2
  -2
  -2
 -18
  10
  16
 -31
  -1
  -1
  -1
  -1
  -5
 -23
  17
 -21
  -4
  -4
  -4
  -4
 -22
  10
  25
 -25
   1
   1
   1
   1
   6
  -4
 -12
 -14
   0
   0
   0
   0
 -10
  17
 -11
   9
   0
   0
   0
   0
   0
 -26
 -27
  15
  -4
  -4
  -4
  -4
 -20
  21
  18
  20
  -1
  -1
  -1
  -1
  14
 -11
   5
 -32
  -4
  -4
  -4
  -4
 -20
  26
  27
 -24
   3
   3
   3
   3
  23
  -2
 -18
  31
   4
   4
   4
   4
   3
  -7
  26
   5
  -1
  -1
  -1
  -1
 -22
  -7
  12
 -26
   0
   0
   0
   0
  28
   5
 -21
   1
  -1
 -20
  28
   1
 -24
   7
 -20
   1
  -2
 -18
 -26
   1
 -17
   6
  12
   0
   4
 -20
  17
   0
  17
   3
  22
  -2
 -27
  22
   7
  -2
   3
 -30
  27
  -1
  10
  24
  24
  -1
 -17
  17
  -5
  -4
 -21
   9
   5
  -4
  -5
 -16
  27
   1
  32
 -10
   7
   1
 -18
  -9
 -26
   0
   8
 -18
  -4
   0
  31
 -17
  30
   0
  26
   3
   1
   0
 -13
  18
 -18
  -4
 -17
  -2
 -18
  -4
 -17
 -16
  13
  -1
   7
  23
  18
  -1
 -16
  11
  14
  -4
  15
   4
  17
  -4
  13
 -17
   1
   3
  29
  -6
 -13
   3
  -2
  30
 -19
   4
 -14
  -5
   4
   4
 -22
  -4
 -16
  -1
 -26
   8
 -17
  -1
 -14
 -24
  12
   0
  16
  -4
  17
   0
  -6
 -11
   1
   1
   1
   1
   1
   1
   3
  15
  -8
   1
   1
   1
   1
   1
 -22
   2
   9
   0
   0
   0
   0
   0
   0
  -7
  14
  -2
  -2
  -2
  -2
  -2
 -19
   5
 -18
  -1
  -1
  -1
  -1
  -1
 -21
 -24
   3
  -4
  -4
  -4
  -4
  -4
  -2
  12
  22
   1
   1
   1
   1
   1
  17
  13
 -24
   0
   0
   0
   0
   0
  14
 -17
  11
   0
   0
   0
   0
   0
 -11
  10
 -15
  -4
  -4
  -4
  -4
  -4
 -14
  10
   8
  -1
  -1
  -1
  -1
  -1
   5
   8
   4
  -4
  -4
  -4
  -4
  -4
  11
   6
  31
   3
   3
   3
   3
   3
 -11
  -4
   6
   4
   4
   4
   4
   4
 -11
  15
   9
  -1
  -1
  -1
  -1
  -1
  16
  14
 -12
   0
   0
   0
   0
   0
  23
  18
  10
   1
 -20
   8
   7
 -17
  -1
  24
  11
 -20
  23
   3
 -16
 -24
  -7
  -3
  23
  12
 -21
  -2
  15
  -9
 -19
  16
 -13
  15
 -25
 -20
  -2
  23
 -25
  21
  31
  29
  13
   1
  -6
  13
  27
  -8
 -16
   7
   4
 -11
  -9
  -9
  11
  -3
  -4
 -20
  25
  -5
   8
 -24
  -3
 -23
  -6
 -26
   8
 -10
 -21
  -6
 -14
  -6
   4
 -16
  24
  -4
   1
  -4
 -21
   3
 -23
  23
  13
  20
 -20
  20
 -14
   3
  12
   6
 -17
   1
 -14
   3
 -19
 -21
 -21
  21
 -15
 -12
  25
   0
  11
  15
  26
 -17
  28
  -6
  -6
  14
  -1
 -17
  11
  -8
 -21
 -23
 -15
  -1
   0
 -17
  -9
  11
  23
 -31
 -10
 -11
 -20
  -2
   2
  15
  15
  -8
 -12
 -13
 -11
   2
 -16
  25
   0
 -26
  22
   1
  21
 -19
  19
 -20
  17
 -20
   3
 -20
  11
 -11
   3
  12
  -9
  17
 -19
  19
  22
   9
  18
  -7
 -24
  24
 -24
   8
  10
  16
 -28
   2
   8
  -7
 -10
  -1
 -22
   7
  31
  24
   6
   7
 -24
  29
 -16
 -13
 -24
  -5
 -12
 -18
   0
 -24
  22
  16
   7
   0
  19
  25
   8
   7
  19
  22
  23
 -25
 -19
 -15
 -12
   4
   8
  -3
  -2
   1
  17
 -20
  20
 -13
 -12
  18
 -24
  16
  -5
   8
  14
  22
 -14
  -5
  17
 -19
  21
 -19
 -11
 -11
 -14
 -14
 -23
   1
  29
   1
   5
  17
 -28
  -1
  27
  -3
  -8
   1
  24
   1
  24
 -21
  20
 -17
 -13
 -26
  18
 -20
  14
 -22
 -20
  30
  -2
  12
  -6
 -20
  15
  17
   6
   0
  13
  -2
 -15
   0
 -17
  -4
   1
   1
   4
 -21
  20
   1
   3
 -31
  22
  -4
 -13
   1
 -23
  -4
 -21
 -23
  -2
   1
 -18
  21
  22
   1
 -20
  28
   6
   1
 -26
  -6
 -28
   1
 -20
  20
  -2
   3
   1
 -14
  -3
   3
 -21
 -15
   1
   2
  19
  22
   6
   2
  11
 -27
  26
   5
 -14
   4
   4
   5
 -24
 -13
  12
   0
   2
  17
 -19
   0
   6
  13
 -20
  -2
 -24
 -27
 -14
  -2
  22
   2
  -7
  -2
  -6
 -20
   8
  -2
  -2
  -6
  16
   1
  19
  18
 -18
   1
  -3
  -5
  11
   3
   0
   5
  -7
   3
 -18
  24
  -3
   0
 -20
   4
   7
   0
  11
  18
 -27
  -3
   3
  -1
 -27
  -3
  19
  19
   9
   4
 -14
   2
   1
   4
 -19
   7
  18
   0
  11
 -19
 -11
   0
  14
 -24
  13
   1
   4
 -11
  18
   1
  12
  -2
  22
  -4
  18
 -20
  14
  -4
  -9
 -17
   0
   1
  10
  10
   2
   1
 -11
 -10
  11
   1
   1
  -3
   4
   1
  21
 -12
 -17
   3
  11
 -19
   4
   3
  27
 -25
   9
   2
 -13
  21
 -16
   2
 -10
  -3
 -11
   5
 -24
   1
   6
   5
 -12
  19
  12
   0
  13
  26
   9
   0
  -8
  -9
  19
  -2
   5
   8
   7
  -2
 -20
  16
 -24
  -2
  19
   8
 -16
  -2
   4
 -19
  13
   1
   5
  -5
  12
   1
 -19
 -14
   3
   3
 -19
 -15
  23
   3
  27
  27
   6
   0
  10
 -21
   6
   0
   2
  15
   7
  -3
  23
  13
   9
  -3
 -15
 -15
 -11
   4
  17
  -6
   4
   4
 -24
  -3
  -1
 -20
 -23
 -17
   9
  21
  14
 -21
 -15
 -21
  14
 -14
   9
 -15
   6
 -17
 -12
  12
  23
 -20
  20
 -17
 -19
   7
  11
  17
  -8
  22
   8
 -18
  13
   1
   5
   7
   9
  -1
 -24
   5
 -13
  21
 -22
 -20
  23
  15
 -22
   3
 -24
  -4
   8
  17
  13
  24
  -3
  -7
 -17
  13
 -15
  24
 -21
  14
   8
 -15
  12
 -24
  16
   9
   5
  -8
  -5
 -11
  20
 -10
  -7
 -24
  24
  24
  -4
 -23
  -3
  21
  19
 -20
  20
  22
 -18
 -25
 -24
 -21
 -11
  16
 -23
  26
  22
   1
  24
  -9
  17
 -21
  -8
  27
   4
  21
  21
 -23
  11
   8
  16
 -28
  26
  -5
   4
  -6
   7
 -18
 -10
 -10
  10
  14
 -18
 -13
 -23
  26
 -12
   0
  13
  27
   0
 -20
  26
  18
   0
   0
   0
   0
  16
  -5
  10
   3
   1
   1
   1
   1
 -20
 -26
   5
  12
  -4
  -4
  -4
  -4
  -5
 -22
  23
 -10
   1
   1
   1
   1
 -28
 -21
  23
 -18
   1
   1
   1
   1
 -21
  -1
   2
 -11
   3
   3
   3
   3
  -7
  14
  17
  -4
   2
   2
   2
   2
  17
  26
 -17
  10
   5
   5
   5
   5
  -3
  27
   3
 -10
   0
   0
   0
   0
  -7
  23
 -21
  -5
  -2
  -2
  -2
  -2
  17
  17
 -18
 -21
  -2
  -2
  -2
  -2
  24
 -21
  17
   5
   1
   1
   1
   1
 -20
  -5
  -6
   0
   3
   3
   3
   3
   3
 -17
 -12
 -17
   0
   0
   0
   0
  20
 -12
  13
 -15
  -3
  -3
  -3
  -3
  -7
  26
 -18
  12
   4
   4
   4
   4
 -20
 -18
 -16
   0
   8
  -8
  25
   0
 -20
  13
 -15
   1
  27
  24
  -6
   1
 -11
 -26
  20
  -4
   4
  19
 -20
  -4
  23
  -4
  10
   1
  10
  -8
  -1
   1
  -5
  16
  26
   1
  -6
  -4
  -1
   1
 -16
  14
  23
   3
   6
 -11
  19
   3
   1
 -21
  28
   2
  16
 -10
   1
   2
  -3
  -3
   5
   5
  -6
 -18
  35
   5
  25
  23
 -23
   0
 -23
 -19
  13
   0
   1
  -5
  23
  -2
  15
 -14
  10
  -2
  11
 -23
  12
  -2
  -8
 -26
  -5
  -2
  -1
   1
   8
   1
  24
  12
  -3
   1
 -14
 -21
  22
   3
 -21
 -23
  14
   3
  -5
  17
  13
   0
   0
  -5
 -16
   0
  24
  22
  15
  -3
   8
 -15
   0
  -3
  19
  22
  21
   4
 -23
 -14
  -3
   4
  14
 -13
  17
   0
   0
   0
   0
   0
  14
  10
   4
   1
   1
   1
   1
   1
   2
  -3
  19
  -4
  -4
  -4
  -4
  -4
  -2
  10
 -21
   1
   1
   1
   1
   1
  12
   7
 -25
   1
   1
   1
   1
   1
   3
 -12
  11
   3
   3
   3
   3
   3
  13
  21
  16
   2
   2
   2
   2
   2
  21
 -20
  -9
   5
   5
   5
   5
   5
  -6
   2
 -24
   0
   0
   0
   0
   0
  12
   7
 -16
  -2
  -2
  -2
  -2
  -2
  -4
  13
  21
  -2
  -2
  -2
  -2
  -2
 -14
  18
  -6
   1
   1
   1
   1
   1
  17
  -3
 -21
   3
   3
   3
   3
   3
   9
  25
  -6
   0
   0
   0
   0
   0
 -16
  13
 -11
  -3
  -3
  -3
  -3
  -3
 -14
 -13
  21
   4
   4
   4
   4
   4
